function [jacob_a_pred]  = get_acc_jacob(qw, qx, qy, qz, a1, a2, a3, dt)

    jacob_a_pred =[[                                                             1,                                                               0,                                                               0,                                                               0, 0, 0, 0,  0,  0,  0];
[                                                             0,                                                               1,                                                               0,                                                               0, 0, 0, 0,  0,  0,  0];
[                                                             0,                                                               0,                                                               1,                                                               0, 0, 0, 0,  0,  0,  0];
[                                                             0,                                                               0,                                                               0,                                                               1, 0, 0, 0,  0,  0,  0];
[(dt^2*((981*a1*qw)/100 + (981*a3*qy)/100 - (981*a2*qz)/100))/2,  (dt^2*((981*a1*qx)/100 + (981*a2*qy)/100 + (981*a3*qz)/100))/2,  (dt^2*((981*a3*qw)/100 + (981*a2*qx)/100 - (981*a1*qy)/100))/2, -(dt^2*((981*a2*qw)/100 - (981*a3*qx)/100 + (981*a1*qz)/100))/2, 1, 0, 0, dt,  0,  0];
[(dt^2*((981*a2*qw)/100 - (981*a3*qx)/100 + (981*a1*qz)/100))/2, -(dt^2*((981*a3*qw)/100 + (981*a2*qx)/100 - (981*a1*qy)/100))/2,  (dt^2*((981*a1*qx)/100 + (981*a2*qy)/100 + (981*a3*qz)/100))/2,  (dt^2*((981*a1*qw)/100 + (981*a3*qy)/100 - (981*a2*qz)/100))/2, 0, 1, 0,  0, dt,  0];
[(dt^2*((981*a3*qw)/100 + (981*a2*qx)/100 - (981*a1*qy)/100))/2,  (dt^2*((981*a2*qw)/100 - (981*a3*qx)/100 + (981*a1*qz)/100))/2, -(dt^2*((981*a1*qw)/100 + (981*a3*qy)/100 - (981*a2*qz)/100))/2,  (dt^2*((981*a1*qx)/100 + (981*a2*qy)/100 + (981*a3*qz)/100))/2, 0, 0, 1,  0,  0, dt];
[         dt*((981*a1*qw)/50 + (981*a3*qy)/50 - (981*a2*qz)/50),           dt*((981*a1*qx)/50 + (981*a2*qy)/50 + (981*a3*qz)/50),           dt*((981*a3*qw)/50 + (981*a2*qx)/50 - (981*a1*qy)/50),          -dt*((981*a2*qw)/50 - (981*a3*qx)/50 + (981*a1*qz)/50), 0, 0, 0,  1,  0,  0];
[         dt*((981*a2*qw)/50 - (981*a3*qx)/50 + (981*a1*qz)/50),          -dt*((981*a3*qw)/50 + (981*a2*qx)/50 - (981*a1*qy)/50),           dt*((981*a1*qx)/50 + (981*a2*qy)/50 + (981*a3*qz)/50),           dt*((981*a1*qw)/50 + (981*a3*qy)/50 - (981*a2*qz)/50), 0, 0, 0,  0,  1,  0];
[         dt*((981*a3*qw)/50 + (981*a2*qx)/50 - (981*a1*qy)/50),           dt*((981*a2*qw)/50 - (981*a3*qx)/50 + (981*a1*qz)/50),          -dt*((981*a1*qw)/50 + (981*a3*qy)/50 - (981*a2*qz)/50),           dt*((981*a1*qx)/50 + (981*a2*qy)/50 + (981*a3*qz)/50), 0, 0, 0,  0,  0,  1]];




end