function [jacob_mag] = get_mag_jacob(qw, qx, qy, qz)
 jacob_mag = [[(5852057180349399*qw)/8238050923618646 + (590515027096472*qy)/316848112446871 + (4880578184069775*qz)/32952203694474584, (5852057180349399*qx)/8238050923618646 + (4880578184069775*qy)/32952203694474584 - (590515027096472*qz)/316848112446871, (590515027096472*qw)/316848112446871 + (4880578184069775*qx)/32952203694474584 - (5852057180349399*qy)/8238050923618646,   (4880578184069775*qw)/32952203694474584 - (590515027096472*qx)/316848112446871 - (5852057180349399*qz)/8238050923618646, 0, 0, 0, 0, 0, 0];
[(4880578184069775*qw)/32952203694474584 - (590515027096472*qx)/316848112446871 - (5852057180349399*qz)/8238050923618646, (5852057180349399*qy)/8238050923618646 - (4880578184069775*qx)/32952203694474584 - (590515027096472*qw)/316848112446871, (5852057180349399*qx)/8238050923618646 + (4880578184069775*qy)/32952203694474584 - (590515027096472*qz)/316848112446871, - (5852057180349399*qw)/8238050923618646 - (590515027096472*qy)/316848112446871 - (4880578184069775*qz)/32952203694474584, 0, 0, 0, 0, 0, 0];
[(5852057180349399*qy)/8238050923618646 - (4880578184069775*qx)/32952203694474584 - (590515027096472*qw)/316848112446871, (590515027096472*qx)/316848112446871 - (4880578184069775*qw)/32952203694474584 + (5852057180349399*qz)/8238050923618646, (5852057180349399*qw)/8238050923618646 + (590515027096472*qy)/316848112446871 + (4880578184069775*qz)/32952203694474584,   (5852057180349399*qx)/8238050923618646 + (4880578184069775*qy)/32952203694474584 - (590515027096472*qz)/316848112446871, 0, 0, 0, 0, 0, 0];
];

end 